11111
11111

00100
01110
11111

10101
01010
00100

10101
11111
10101

11111
10001
11111

01110
11111
01110

10001
01110
11111

11111
00100
11111
00100

11011
11111
11011

00100
01110
11111
01110

11111
10001
10101
10001
11111

11111
11011
10001
11011
11111

10001
11011
11111
11011
10001

11111
00100
10101
00100
11111

01010
11111
01010
11111
01010

11111
01110
00100
01110
11111

10001
11111
00100
11111
10001

11011
10001
11111
10001
11011

00100
11111
10101
11111
00100

11111
10101
10101
10101
11111

10001
01010
00100
01010
10001

11111
00000
11111
00000
11111

10101
01010
10101
01010
10101

11011
11011
00100
11011
11011

01110
10001
10101
10001
01110

11111
11111
00100
11111
11111

01110
10001
10001
10001